group,function,value,throughput_num,throughput_type,sample_measured_value,unit,iteration_count
vector_addition_with_thread_num_8,pvec-std,100,,,90788525.0,ns,1588
vector_addition_with_thread_num_8,pvec-std,100,,,183148829.0,ns,3176
vector_addition_with_thread_num_8,pvec-std,100,,,270754329.0,ns,4764
vector_addition_with_thread_num_8,pvec-std,100,,,363632504.0,ns,6352
vector_addition_with_thread_num_8,pvec-std,100,,,461698151.0,ns,7940
vector_addition_with_thread_num_8,pvec-std,100,,,548473324.0,ns,9528
vector_addition_with_thread_num_8,pvec-std,100,,,644726661.0,ns,11116
vector_addition_with_thread_num_8,pvec-std,100,,,725183574.0,ns,12704
vector_addition_with_thread_num_8,pvec-std,100,,,820929883.0,ns,14292
vector_addition_with_thread_num_8,pvec-std,100,,,916848314.0,ns,15880
