group,function,value,throughput_num,throughput_type,sample_measured_value,unit,iteration_count
vector_addition_with_thread_num_16,rbvec,200,,,95553991.0,ns,921
vector_addition_with_thread_num_16,rbvec,200,,,195760531.0,ns,1842
vector_addition_with_thread_num_16,rbvec,200,,,283014312.0,ns,2763
vector_addition_with_thread_num_16,rbvec,200,,,373711791.0,ns,3684
vector_addition_with_thread_num_16,rbvec,200,,,465803069.0,ns,4605
vector_addition_with_thread_num_16,rbvec,200,,,557876991.0,ns,5526
vector_addition_with_thread_num_16,rbvec,200,,,645066466.0,ns,6447
vector_addition_with_thread_num_16,rbvec,200,,,735225675.0,ns,7368
vector_addition_with_thread_num_16,rbvec,200,,,839770724.0,ns,8289
vector_addition_with_thread_num_16,rbvec,200,,,919987442.0,ns,9210
